33 39
6 15
76 78
50 51
14 20
39 45
93 101
4 6
63 65
7 10
18 24
43 44
50 57
2 4
98 101
10 11
66 75
77 83
56 63
98 107
70 76
89 96
71 77
44 47
53 57
81 90
87 88
35 38
87 92
11 17
28 31
94 100
12 15
5 12
5 9
66 69
61 62
3 9
65 72
92 102
55 64
94 104
21 24
2 11
44 45
85 94
91 97
89 90
71 78
46 54
23 25
55 56
43 51
15 22
74 79
19 27
50 59
93 94
17 27
62 64
35 36
45 48
14 22
34 36
90 94
76 79
6 9
78 83
6 15
62 71
25 31
24 31
64 70
1 8
97 103
84 91
62 68
73 74
0 1
79 82
46 56
50 52
6 13
2 5
14 16
87 90
46 56
60 62
91 100
91 94
48 51
99 101
17 24
33 36
45 55
13 14
19 25
61 67
68 72
83 92
50 58
97 100
0 7
66 69
25 26
68 77
32 34
0 2
93 97
87 92
4 12
61 64
28 35
9 18
63 71
75 80
44 52
66 74
52 60
57 65
75 85
85 92
85 86
66 75
74 75
59 68
96 105
75 81
6 12
77 86
25 26
44 51
99 106
36 42
59 64
84 94
4 10
77 85
16 26
28 34
25 28
80 87
48 50
15 23
95 104
43 44
24 34
10 11
86 93
98 104
21 25
26 29
19 25
25 27
88 90
64 68
12 13
73 77
64 74
15 25
61 62
28 38
78 80
45 48
35 39
19 26
70 75
84 92
8 14
55 60
12 21
68 70
41 47
62 68
23 33
44 47
28 35
41 47
93 96
8 17
79 88
20 21
38 47
95 103
46 51
57 62
86 89
91 99
32 37
35 41
86 96
63 72
4 6
67 69
3 6
91 99
99 103
28 33
26 34
39 41
1 9
52 59
77 78
41 48
12 21
32 34
81 91
53 57
22 27
70 77
78 88
1 8
71 74
99 101
35 36
32 38
88 93
83 92
32 40
41 48
73 79
71 76
49 55
18 26
27 33
88 98
7 12
19 24
12 15
67 69
71 81
62 70
66 69
31 33
23 29
54 56
6 11
27 28
64 70
45 51
52 53
74 82
80 84
75 78
97 107
32 38
74 76
56 64
84 88
52 55
77 80
61 71
71 79
45 49
69 72
83 88
22 27
63 72
62 72
47 56
96 104
47 54
9 19
85 91
74 76
4 6
29 33
55 56
48 49
67 76
37 45
58 59
35 43
3 5
99 108
30 40
80 82
84 94
38 46
96 97
88 96
61 63
98 101
20 27
87 91
8 15
50 57
65 74
50 52
31 34
59 60
24 27
84 90
62 72
42 44
21 30
67 70
39 47
30 36
3 6
68 75
8 18
26 36
67 73
56 66
90 92
17 23
74 84
31 37
0 2
29 39
51 54
41 45
1 4
25 26
12 20
8 11
15 19
80 85
56 63
30 37
39 41
32 38
18 23
16 26
83 84
91 93
23 31
64 72
64 67
34 38
32 41
31 40
96 98
29 34
81 91
76 86
24 30
95 102
92 99
39 48
3 11
39 47
19 24
50 57
6 14
33 39
89 93
5 15
67 77
25 29
83 91
3 7
16 24
78 85
91 96
65 70
46 48
17 20
7 11
50 58
9 10
76 82
76 86
48 50
86 87
16 19
67 74
7 10
0 3
73 83
56 63
80 89
85 86
80 89
59 67
47 51
51 56
88 90
23 25
81 85
15 25
12 22
19 25
15 21
88 95
12 13
60 68
62 68
75 82
7 13
1 3
69 71
92 102
14 21
73 76
4 8
78 83
91 94
38 39
27 31
76 80
53 57
51 58
64 74
40 47
70 71
39 48
62 68
87 97
86 89
87 91
84 91
85 88
80 83
86 93
31 39
30 36
69 77
39 44
36 42
10 20
72 76
23 30
22 25
12 21
93 99
72 81
24 27
0 3
39 49
95 100
98 107
11 12
46 55
9 12
24 27
82 87
87 89
59 69
11 16
58 68
62 67
63 68
9 17
95 96
78 87
7 10
83 92
61 71
10 17
64 71
51 56
8 9
97 106
92 101
5 11
61 68
20 21
55 57
22 30
70 79
83 92
71 81
85 87
3 8
24 31
87 90
6 10
57 63
47 50
25 31
97 107
4 8
58 61
3 9
30 32
33 41
12 18
75 78
27 31
90 92
61 65
50 57
47 50
25 34
49 56
50 54
68 74
77 84
89 91
41 47
1 3
87 96
41 45
35 42
29 34
65 68
8 12
66 74
88 92
53 55
83 85
61 68
98 108
97 104
34 42
57 66
69 70
42 51
96 106
86 88
27 31
33 41
84 87
17 18
32 33
40 45
26 36
17 27
35 44
3 4
36 43
40 50
42 48
92 93
7 11
16 19
27 35
81 89
56 63
20 24
25 32
43 47
75 77
4 13
25 29
1 9
38 43
80 82
23 28
91 92
65 67
3 8
82 85
53 62
44 52
53 57
28 35
36 42
45 55
18 21
83 85
43 50
26 36
81 88
25 34
9 13
77 81
79 82
56 60
70 77
81 90
88 92
36 41
70 72
97 102
88 94
2 9
69 76
60 62
18 22
55 56
90 98
80 88
82 90
10 19
54 57
83 93
53 63
59 65
23 31
74 84
65 66
65 72
24 27
23 25
88 93
51 60
31 36
15 24
48 55
63 66
55 58
61 64
69 76
24 33
97 98
92 98
9 14
68 69
25 29
58 60
27 37
92 101
67 70
86 95
68 78
0 10
32 40
74 78
44 53
28 30
1 6
35 42
83 89
8 14
29 36
29 35
36 40
7 11
49 52
56 59
48 58
67 73
15 20
82 92
29 32
3 12
42 45
72 76
43 46
68 71
59 63
36 38
36 45
4 12
98 99
13 20
59 61
4 8
40 42
38 42
58 62
32 36
43 53
36 40
33 41
40 43
90 92
85 89
92 95
97 107
59 68
58 67
84 85
28 38
20 22
76 79
20 25
67 75
7 11
94 96
24 25
69 72
64 70
51 56
55 62
62 71
2 4
86 96
37 47
24 34
35 41
18 24
46 52
87 95
69 78
81 84
23 27
94 103
86 90
39 49
26 31
10 19
76 81
98 101
79 82
99 100
40 42
69 79
72 73
40 43
0 3
92 96
87 90
66 72
5 7
77 84
73 74
12 19
8 13
48 54
16 18
28 31
74 81
93 103
2 3
30 31
85 91
9 11
6 15
19 20
92 98
21 27
34 39
37 45
90 93
86 95
53 59
33 38
19 22
16 26
77 80
31 39
99 101
16 21
26 32
83 89
48 52
38 41
89 91
1 5
67 74
87 95
31 36
11 17
54 59
66 68
99 107
23 29
85 86
36 46
5 9
55 62
74 81
92 99
86 87
30 39
1 5
79 89
9 19
89 95
35 38
30 37
68 75
37 43
68 76
86 89
10 15
26 32
29 31
85 93
74 77
60 64
57 60
37 38
71 76
18 23
80 90
52 58
8 9
72 78
11 17
41 50
31 35
13 19
37 41
31 32
94 96
98 108
82 91
4 5
15 16
6 15
84 92
43 52
70 73
73 77
56 59
41 47
21 27
66 73
5 7
94 100
78 80
14 17
28 31
11 18
10 15
30 33
1 11
47 51
65 69
5 15
82 89
72 82
21 29
60 66
0 2
82 86
59 69
95 100
33 40
40 46
48 55
53 55
8 15
16 21
45 48
66 74
91 93
54 61
43 50
61 67
14 20
6 12
93 99
88 97
62 69
75 81
68 69
56 57
76 83
76 82
28 38
38 48
52 56
36 46
97 106
13 16
57 61
93 96
46 53
35 36
99 106
85 92
73 74
23 26
35 43
79 82
20 30
96 104
53 57
65 67
37 47
50 59
99 108
5 7
7 9
28 34
40 49
85 87
9 11
61 63
72 82
62 65
0 1
63 71
15 16
66 69
61 70
18 24
80 88
9 12
64 69
6 8
35 37
50 55
46 51
37 40
29 30
5 13
6 15
92 93
93 103
26 29
24 26
40 50
70 71
25 29
65 72
99 108
34 44
35 44
58 64
34 42
53 62
50 54
63 65
24 31
84 88
81 91
31 36
11 12
96 105
29 32
41 47
38 48
45 48
12 14
17 22
69 79
82 85
8 15
71 77
99 103
70 76
5 11
53 58
89 90
79 80
18 26
49 59
72 82
48 49
32 42
9 11
47 52
49 57
39 44
22 24
3 13
92 96
93 95
41 49
48 58
59 62
47 49
45 50
32 35
5 10
57 67
71 80
64 66
62 68
60 70
66 70
61 69
32 35
78 86
94 97
46 50
37 47
85 89
20 24
27 33
85 88
6 8
28 32
27 30
72 77
10 19
69 72
50 58
4 10
20 24
81 86
83 88
48 54
74 77
10 17
81 90
79 88
50 52
56 61
13 17
56 64
94 99
67 73
44 51
94 95
48 58
17 18
8 15
76 80
45 46
17 27
27 32
23 29
40 43
41 50
44 54
12 16
43 53
63 70
7 11
7 13
66 75
40 50
