78 87
49 59
84 87
22 26
80 90
82 90
19 28
85 87
28 33
15 24
10 17
55 64
83 85
5 13
18 23
79 84
86 91
30 39
90 98
14 16
81 84
11 18
94 102
78 81
10 16
74 82
67 71
0 3
79 86
21 27
20 22
83 84
39 48
63 65
49 51
99 109
47 51
67 68
47 50
30 38
24 28
63 64
97 107
57 63
99 101
16 25
56 58
99 105
87 93
26 27
51 57
97 104
50 57
58 65
77 78
90 93
35 43
76 77
20 28
19 24
28 31
70 75
4 9
41 46
64 65
55 59
19 23
0 3
67 72
45 47
24 25
16 21
53 56
22 32
59 66
71 75
98 101
31 40
30 31
27 35
42 51
33 43
76 77
82 89
33 42
83 88
95 97
76 85
89 98
80 81
41 48
42 45
19 27
12 13
29 35
6 15
11 13
50 55
39 49
32 33
1 8
30 38
99 101
2 3
97 107
50 52
28 35
45 46
21 24
35 41
12 17
52 55
16 19
87 90
30 40
69 76
70 80
38 46
61 70
8 17
79 82
58 67
61 62
22 28
51 61
37 42
73 81
73 81
59 61
27 36
91 95
45 55
96 99
26 33
92 93
0 7
2 8
58 60
89 90
87 92
46 55
87 94
31 40
56 64
15 20
10 19
94 98
29 30
12 15
25 33
50 57
10 12
42 46
75 83
24 28
39 48
90 99
58 60
32 35
14 24
51 61
95 105
99 107
56 65
29 37
60 64
77 81
68 71
84 91
95 100
93 101
57 62
13 14
38 47
59 65
59 67
86 96
42 52
59 69
14 24
83 93
93 99
31 41
3 4
3 5
27 29
58 65
98 104
84 91
83 89
54 61
92 98
26 36
55 57
87 95
85 95
99 104
44 53
16 19
81 90
31 36
69 79
34 36
43 50
98 106
90 94
57 62
80 85
8 18
54 55
23 30
28 38
46 51
88 95
73 80
12 13
98 108
34 38
12 19
4 7
48 53
81 85
91 96
90 93
13 23
71 80
82 89
45 50
5 7
55 60
69 75
0 2
24 30
83 85
38 45
88 98
45 52
91 99
32 34
72 81
86 92
64 74
60 69
69 73
49 57
49 58
44 47
62 63
35 38
15 20
6 9
75 80
74 75
26 28
79 86
62 66
87 95
66 70
69 75
53 59
91 96
50 53
94 104
14 19
21 30
3 6
22 26
30 36
57 66
61 65
59 69
96 104
25 27
9 13
67 74
99 100
48 53
26 36
28 38
55 63
93 102
32 40
78 88
48 53
16 26
14 17
97 105
40 47
19 28
22 26
31 32
0 3
47 48
36 46
25 30
5 14
87 94
8 14
2 8
84 91
15 23
12 18
38 46
4 14
44 52
92 102
78 80
71 78
53 55
6 16
11 16
57 61
12 17
30 39
67 74
91 92
94 97
0 3
59 64
26 36
34 37
36 46
21 24
18 19
62 68
88 92
69 79
18 19
40 45
9 13
73 78
9 14
25 28
77 79
78 86
20 25
33 40
62 63
95 100
43 44
60 61
83 92
31 40
39 46
56 62
58 67
93 94
2 11
0 7
21 22
98 108
95 103
59 64
77 87
70 75
21 31
11 21
65 72
6 11
39 44
68 78
70 78
53 62
67 72
50 58
55 59
58 59
26 36
60 69
6 14
17 24
95 105
65 69
98 99
38 45
29 37
29 33
65 74
43 52
10 15
1 3
74 84
18 23
48 56
12 19
0 8
29 39
60 62
72 80
53 62
54 58
38 39
14 24
44 50
83 92
75 76
40 46
71 78
42 45
88 91
11 17
68 76
4 10
39 41
85 93
88 93
1 10
29 35
45 47
15 25
84 85
89 93
61 64
43 53
37 41
2 6
30 36
48 52
81 85
19 21
38 44
59 68
12 14
79 86
98 103
54 55
9 19
21 22
29 38
87 90
85 90
9 11
49 52
29 31
83 84
31 32
9 13
84 87
26 31
34 35
78 81
85 90
30 36
6 12
73 74
86 90
6 8
47 52
92 98
14 24
6 14
57 61
59 62
26 28
84 91
43 44
13 19
94 99
34 43
58 67
66 74
78 83
34 39
91 101
31 41
43 53
99 105
32 41
53 62
4 5
31 41
41 45
6 9
38 45
72 82
83 86
59 65
50 54
74 76
81 83
47 56
17 18
2 3
84 90
81 84
97 98
72 76
77 79
52 54
31 35
17 18
24 30
30 35
11 15
15 20
21 26
67 76
78 82
34 39
16 23
45 49
90 93
23 25
96 99
3 8
59 68
22 25
77 83
27 28
2 5
35 42
49 58
82 89
79 87
58 67
70 79
65 73
84 85
37 39
35 36
47 54
98 107
34 42
2 9
30 39
94 104
75 80
91 92
73 77
49 57
4 10
29 39
78 83
28 37
27 31
22 25
13 17
0 8
43 48
11 15
13 15
5 10
76 82
49 52
26 35
89 98
4 11
26 27
86 94
75 83
87 95
2 4
17 22
95 96
37 38
84 93
66 70
58 62
95 99
86 88
28 35
89 94
22 31
73 78
93 100
74 83
59 69
28 36
60 67
38 44
76 86
60 70
30 40
41 42
17 25
75 78
54 59
42 46
89 92
54 62
76 84
5 15
89 94
59 62
50 57
5 9
35 44
98 106
6 8
98 100
10 15
57 64
96 101
31 40
7 11
53 63
23 28
69 76
29 33
57 58
92 102
92 96
98 100
88 96
99 105
93 101
22 30
69 79
24 34
7 15
11 15
41 50
83 90
90 97
30 36
48 52
87 94
3 7
85 86
91 98
64 70
79 88
39 47
84 88
66 73
61 70
43 52
72 75
63 72
40 47
47 51
3 6
7 10
16 25
86 96
56 59
86 90
96 101
62 69
65 67
62 65
26 30
49 51
94 97
61 62
92 94
56 59
59 60
39 42
69 71
55 56
59 61
54 61
8 13
8 16
29 36
41 45
31 38
9 15
53 58
38 39
53 55
42 44
65 74
37 38
29 34
59 66
79 89
25 34
47 56
21 26
63 71
22 31
78 84
84 86
7 9
36 45
85 89
89 91
60 68
2 10
71 72
24 27
19 23
91 98
1 2
28 37
40 48
64 66
28 34
36 45
41 49
91 100
32 40
18 21
42 49
36 43
83 93
98 99
17 24
14 17
42 47
88 89
27 35
58 67
67 71
0 6
66 72
3 6
11 14
93 99
27 34
69 76
18 26
90 95
39 47
66 74
3 9
95 105
21 29
2 3
59 60
78 82
98 108
58 67
20 28
12 13
50 53
0 5
96 98
63 64
91 100
62 64
12 19
75 79
8 15
57 62
14 18
26 31
51 57
80 81
17 20
18 26
18 28
12 20
12 18
30 40
50 57
92 100
12 15
51 53
86 90
82 92
63 71
74 80
74 84
78 80
82 87
77 84
26 35
96 106
80 86
54 58
20 21
77 85
58 65
67 75
73 76
51 59
47 54
40 49
48 57
28 36
48 50
60 65
35 45
43 44
34 38
4 10
23 27
33 40
66 70
93 98
85 92
57 62
92 95
17 24
62 66
53 57
98 106
49 52
85 94
5 14
62 72
74 77
86 96
72 75
4 9
33 38
11 14
4 10
25 31
6 16
70 72
92 101
84 91
62 71
87 95
47 57
17 20
11 20
47 51
92 101
20 26
29 31
5 9
27 35
5 10
38 41
54 64
22 26
25 34
57 58
14 18
12 21
0 9
23 33
75 85
43 49
64 71
20 26
94 99
71 74
72 76
57 60
94 96
99 106
60 62
94 103
70 79
71 75
49 55
85 87
19 25
8 16
97 99
84 94
54 59
76 82
99 104
20 21
34 40
41 51
32 42
20 29
8 13
68 72
60 67
20 30
67 73
67 69
31 40
73 75
84 88
37 42
95 97
62 70
65 69
26 34
73 75
89 95
72 81
33 35
46 50
33 40
17 21
10 17
19 27
57 64
96 103
21 22
32 39
68 74
56 64
92 100
93 96
58 60
17 23
71 73
32 39
47 51
6 15
9 12
73 82
46 53
45 51
44 46
40 48
2 3
36 42
71 74
36 37
47 55
16 21
20 22
51 52
31 39
84 90
53 60
50 59
39 44
95 103
44 52
14 24
44 50
96 101
62 71
47 56
95 99
30 31
62 67
4 11
47 51
81 89
44 46
8 11
65 66
54 62
86 96
24 30
5 6
70 77
48 50
58 68
29 31
90 99
55 59
91 99
72 78
96 105
88 92
76 85
69 76
8 14
92 98
23 24
29 35
88 94
43 53
21 22
63 65
0 9
61 62
21 23
31 39
32 39
39 44
95 97
14 19
56 60
17 21
76 84
43 48
16 25
57 62
13 18
37 47
52 61
36 39
78 87
15 24
12 17
30 36
17 18
79 84
93 98
13 14
23 27
2 9
56 62
17 24
5 7
36 38
64 65
98 108
25 26
19 23
75 80
84 90
91 97
64 69
17 22
80 90
38 44
5 9
44 51
97 107
28 34
0 1
21 28
